9702471946
808055933
9820315723
9757301648
7666425245
9867029191
7875005900
8450902293
7045498968
9969482897
9769812193
9969328645
9619653750
9920161508
7738654318
7045221386
8828050846
9702471946
9820315723
808055933
9757301648
7666425245
9867029191
7875005900
8450902293
7045498968
9969482897
9769812193
9969328645
9619653750
7738654318
9920161508
7045221386
8828050846
9702471946
9702471946
7666425245
8450902293
9769812193
7045221386
9702471946
7666425245
8450902293
9769812193
7045221386
9702471946
7666425245
8450902293
9769812193
7045221386
9702471946
7666425245
8450902293
9769812193
7045221386
808055933
981997035
981997035
7045157337
981997035
981997035
9820315723
7666425245
9969482897
9920161508
7045221386
8828050846
9820315723
7666425245

9969482897
9920161508
7045221386
8828050846
9820315723
9757301648
9820315723
9757301648
9820315723
9757301648
7738654318
8828050846
9820315723
9757301648
9820315723
9757301648
7045157337
9757251138
7045157337
9867029191
9769812193
9619653750
7045498968
7738654318
9867029191
9769812193
7045498968
9757251138
9757449284
9757251138
9757449284
9757251138
9757449284
9757251138
9757449284
9757449284
9757449284
7875005900
7875005900
8450902293
9769812193
9769812193
9769812193
9769812193
9769812193
9769812193
9769812193
9969482897

9969328645
7045498968
9619653750
9920161508
9765814252
9765814252
9920161508
9765814252
9920161508
9765814252
9920161508
9920161508